0.000000 56.385000 0.000000
1.037396 56.385000 58.493571
2.074951 56.385000 116.996108
3.111264 57.829000 176.176838
4.148686 56.385000 235.420893
5.186198 57.829000 294.670094
6.223647 57.829000 354.664726
7.261221 56.385000 413.917467
8.298745 723.513000 818.498908
9.336213 56.385000 1223.058500
10.373611 57.829000 1282.301193
11.411258 56.385000 1341.558101
12.448755 57.829000 1400.806431
13.486182 56.385000 1460.050785
14.523706 762.501000 1884.857718
15.561295 56.385000 2309.691204
16.598763 56.385000 2368.188848
17.636245 56.385000 2426.687272
18.672414 56.385000 2485.111650
19.712569 57.829000 2544.511792
20.750060 56.385000 2603.759781
21.787454 482.365000 2883.207803
22.856261 56.385000 3171.117722
23.901306 57.829000 3230.797101
24.938727 57.829000 3290.790119
25.976219 57.829000 3350.787246
27.013828 56.385000 3410.041976
28.051258 85.265000 3483.517959
29.088781 88.153000 3573.480543
30.126262 89.597000 3665.686673
31.163808 83.821000 3755.651242
32.201375 96.817000 3849.363269
33.238784 267.209000 4038.185162
34.276220 89.597000 4223.266858
35.315090 86.709000 4314.846374
36.367599 57.829000 4390.910152
37.404974 56.385000 4450.151524
38.443738 57.829000 4509.472220
39.481388 56.385000 4568.729291
40.518769 56.385000 4627.222015
41.556273 56.385000 4685.721689
42.593760 56.385000 4744.220395
43.631396 56.385000 4802.727490
44.668811 56.385000 4861.222136
45.706317 394.281000 5095.006499
46.743799 95.373000 5349.010111
76.675119 221.001000 10083.755820
77.712673 244.105000 10325.042121
78.750224 264.321000 10588.801055
79.788998 242.661000 10852.120918
80.826449 245.549000 11105.367902
81.863904 238.329000 11356.368747
82.901397 238.329000 11603.633414
83.939008 209.449000 11835.943105
84.973904 192.121000 12043.734677
86.011410 218.113000 12256.544817
87.049018 193.565000 12470.124991
88.086444 229.665000 12689.659893
89.123967 246.993000 12936.931719
90.161435 216.669000 13177.448953
91.198880 197.897000 13392.493679
92.236484 233.997000 13616.561119
137.646609 56.385000 20209.702580
138.684108 56.385000 20268.201972
139.721628 54.941000 20325.953444
140.759136 54.941000 20382.955172
141.796605 54.941000 20439.954751
142.834020 54.941000 20496.951370
143.882790 56.385000 20555.329052
144.920389 54.941000 20613.084930
145.957932 56.385000 20670.837689
146.995323 54.941000 20728.581981
148.032911 56.385000 20786.337236
149.070355 54.941000 20844.084487
150.107886 56.385000 20901.836570
151.145343 54.941000 20959.584538
152.182892 56.385000 21017.337629
153.220472 353.849000 21230.162929
154.257842 89.597000 21460.171710
155.295294 54.941000 21535.147327
156.333080 368.289000 21754.758413
157.370420 88.153000 21991.501223
158.407853 93.929000 22085.950152
159.445367 56.385000 22163.926590
160.482965 54.941000 22221.682415
161.520394 56.385000 22279.428817
162.556659 56.385000 22337.858627
163.594128 56.385000 22396.356311
164.631666 54.941000 22454.108792
165.669189 54.941000 22511.111345
166.706645 54.941000 22568.110217
167.744068 54.941000 22625.107268
168.781741 56.385000 22682.867260
169.819183 54.941000 22740.614392
170.856607 56.385000 22798.360529
171.895505 54.941000 22856.188708
173.970399 54.941000 22970.185457
175.006662 54.941000 23027.118782
176.044139 54.941000 23084.118806
177.081663 54.941000 23141.121412
178.119308 54.941000 23198.130671
179.156666 54.941000 23255.124146
180.194261 54.941000 23312.130655
181.231731 54.941000 23369.130300
182.285472 54.941000 23427.023883
183.323006 54.941000 23484.027039
184.360542 54.941000 23541.030299
185.397986 54.941000 23598.028516
186.435456 54.941000 23655.028148
187.472943 54.941000 23712.028723
188.510552 54.941000 23769.036004
190.585499 54.941000 23883.035661
191.623081 53.497000 23939.292328
192.660522 54.941000 23995.541342
193.698049 756.725000 24416.603975
194.735492 105.481000 24863.848834
195.772907 54.941000 24947.060930
196.810533 56.385000 25004.818295
197.848004 53.497000 25061.817992
198.885448 56.385000 25118.816209
199.922965 53.497000 25175.818421
200.960560 56.385000 25232.824930
201.997986 54.941000 25290.571173
203.035511 56.385000 25348.322937
204.072962 54.941000 25406.070561
205.110529 635.429000 25764.223173
206.148066 53.497000 26121.616233
207.185500 56.385000 26178.613900
208.223047 53.497000 26235.617775
209.260595 54.941000 26291.872581
210.298058 54.941000 26348.871833
211.335457 54.941000 26405.867574
212.374358 54.941000 26462.945839
213.411842 54.941000 26519.946244
214.449273 53.497000 26576.194715
215.486813 156.021000 26684.886364
217.561816 759.613000 27634.858080
218.599332 775.497000 28431.208580
234.776892 54.941000 35148.438903
235.814309 54.941000 35205.435627
236.851910 56.385000 35263.191611
237.889351 54.941000 35320.938691
238.926819 56.385000 35378.687269
239.964331 53.497000 35435.689220
241.001937 56.385000 35492.696331
242.039522 53.497000 35549.702290
243.076866 56.385000 35606.695005
244.114306 53.497000 35663.693000
245.151990 56.385000 35720.704394
246.189419 53.497000 35777.701773
247.226859 56.385000 35834.699767
248.264461 54.941000 35892.455805
249.301924 56.385000 35950.204118
250.339386 53.497000 36007.203318
251.374448 56.385000 36064.070650
252.411876 53.497000 36121.067989
253.449401 54.941000 36177.321554
254.486940 54.941000 36234.324985
255.524395 54.941000 36291.323804
257.599473 53.497000 36403.832459
258.636956 54.941000 36460.083748
259.674380 53.497000 36516.331832
260.712022 53.497000 36571.842566
261.749497 54.941000 36628.093429
262.786923 53.497000 36684.341629
263.824419 54.941000 36740.593630
264.861994 56.385000 36798.348154
265.899401 752.393000 37217.864198
266.936954 54.941000 37636.690134
267.974423 54.941000 37693.689713
269.011993 53.497000 37749.945721
270.049477 54.941000 37806.197062
272.124374 53.497000 37918.695906
273.167037 54.941000 37975.228056
274.204510 53.497000 38031.478803
275.241929 54.941000 38087.726615
276.280706 54.941000 38144.798068
277.318347 54.941000 38201.807105
278.355727 54.941000 38258.801799
279.393241 54.941000 38315.803854
280.430732 54.941000 38372.804651
281.468270 54.941000 38429.808016
282.507026 54.941000 38486.878317
283.544499 54.941000 38543.878119
284.581926 54.941000 38600.875393
285.619575 54.941000 38657.884875
286.657016 53.497000 38714.133877
287.694740 54.941000 38770.398235
288.733359 53.497000 38826.711121
289.774518 53.497000 38882.410012
290.812025 53.497000 38937.913514
291.849483 56.385000 38994.912504
292.887049 54.941000 39052.666538
293.924566 76.601000 39120.905057
294.962022 225.333000 39277.526683
295.999462 54.941000 39422.910420
297.037095 766.833000 39849.260307
298.074581 755.281000 40638.846348
301.185870 92.485000 41957.668874
302.223273 56.385000 42034.887956
303.260810 661.421000 42407.263133
304.298285 56.385000 42779.616062
305.335823 759.613000 43202.930452
306.373344 762.501000 43992.543166
307.410831 54.941000 44416.585903
308.448246 54.941000 44473.582522
309.485896 54.941000 44530.592043
310.523357 54.941000 44587.591190
311.560757 53.497000 44643.837981
312.598298 54.941000 44700.092412
313.635918 54.941000 44757.100296
314.673334 54.941000 44814.096968
315.710856 128.585000 44909.303106
333.553318 775.497000 52974.827500
334.593446 801.489000 53794.961141
335.630861 93.929000 54259.421079
336.668395 355.293000 54492.462628
337.705988 56.385000 54706.039759
338.743407 54.941000 54763.785617
339.780931 56.385000 54821.537315
340.818396 54.941000 54879.285721
341.855921 102.593000 54961.008448
342.893441 54.941000 55042.730799
343.930923 365.401000 55260.779434
344.968338 361.069000 55637.604881
346.005967 95.373000 55874.413584
347.043459 54.941000 55952.388373
348.080877 56.385000 56010.134165
349.118397 53.497000 56067.136561
350.155992 54.941000 56123.393913
351.214651 53.497000 56180.793349
352.252181 54.941000 56237.047185
353.291049 54.941000 56294.123643
354.328453 54.941000 56351.119646
355.365962 54.941000 56408.121426
356.403431 53.497000 56464.371966
357.440975 54.941000 56520.626565
358.478500 54.941000 56577.629222
359.515975 54.941000 56634.629142
360.553407 54.941000 56691.626691
361.591041 54.941000 56748.635335
362.628515 54.941000 56805.635203
363.665952 56.385000 56863.382056
364.703472 54.941000 56921.133528
365.741080 53.497000 56977.391591
366.778494 53.497000 57032.890132
367.815966 54.941000 57089.140827
368.853424 53.497000 57145.390759
484.175045 54.941000 63398.013738
485.212552 57.829000 63456.513560
486.250164 54.941000 63515.019310
487.287559 92.485000 63591.488808
488.325119 57.829000 63669.468722
489.362710 56.385000 63728.722430
490.400130 56.385000 63787.217345
491.437627 54.941000 63844.967543
492.475118 56.385000 63902.717409
493.512531 54.941000 63960.462922
494.575160 56.385000 64019.612040
495.612652 56.385000 64078.111028
496.650084 56.385000 64136.606642
497.687513 54.941000 64194.353045
498.725198 54.941000 64251.364492
499.762631 56.385000 64309.111133
500.800123 54.941000 64366.861052
501.837620 54.941000 64423.862177
502.875131 54.941000 64480.864062
503.912642 54.941000 64537.865960
504.950253 54.941000 64594.873347
505.987678 54.941000 64651.870503
507.025192 54.941000 64708.872571
508.062674 56.385000 64766.621919
509.100073 54.941000 64824.366663
510.137757 54.941000 64881.378058
511.175193 236.885000 65032.753458
512.212635 56.385000 65184.878761
513.250159 54.941000 65242.630472
514.287738 582.001000 65573.069237
515.325172 763.945000 66271.234376
516.362689 54.941000 66696.038478
517.400158 54.941000 66753.038057
518.437719 54.941000 66810.042693
519.475242 54.941000 66867.045246
520.512694 54.941000 66924.043895
521.548880 54.941000 66980.972989
522.586390 54.941000 67037.974835
523.623995 132.917000 67135.436017
524.661430 54.941000 67232.881254
525.698942 54.941000 67289.883204
526.736546 54.941000 67346.890198
527.773964 54.941000 67403.886987
528.811463 54.941000 67460.888217
529.840159 54.941000 67517.405807
530.877746 54.941000 67574.411870
531.915226 54.941000 67631.412066
532.975213 54.941000 67689.648802
534.012767 54.941000 67746.653058
535.050284 54.941000 67803.655283
536.087761 54.941000 67860.655308
537.125310 54.941000 67917.659288
538.162825 54.941000 67974.661396
539.200288 54.941000 68031.660648
540.237726 54.941000 68088.658537
541.275232 56.385000 68146.409226
542.312824 259.989000 68310.542819
543.350241 56.385000 68474.648692
544.387786 54.941000 68532.401558
546.462861 54.941000 68646.408248
547.500316 56.385000 68704.156110
548.537847 54.941000 68761.908193
549.575224 56.385000 68819.651716
550.612856 684.525000 69204.047674
551.650344 56.385000 69588.390285
552.687759 54.941000 69646.135918
553.725255 56.385000 69703.886062
554.762880 54.941000 69761.643374
555.800271 54.941000 69818.638670
556.837767 54.941000 69875.639742
557.875259 54.941000 69932.640592
558.912654 135.805000 70031.580066
559.950331 736.509000 70484.170175
560.987809 82.377000 70908.958267
562.025224 288.869000 71101.526357
563.062847 54.941000 71279.898926
564.100348 54.941000 71336.900274
580.401628 54.941000 72232.508900
581.439084 56.385000 72290.256802
582.476742 56.385000 72348.765147
583.514112 54.941000 72406.508285
584.551636 56.385000 72464.259982
585.589100 56.385000 72522.757384
586.626657 54.941000 72580.510927
587.664154 56.385000 72638.261111
588.701668 54.941000 72696.012265
589.739060 56.385000 72753.756610
590.778002 54.941000 72811.587244
591.815414 56.385000 72869.332704
592.852853 54.941000 72927.079664
593.890370 56.385000 72984.830977
594.927999 54.941000 73042.588527
595.965441 56.385000 73100.335659
597.009164 56.385000 73159.185973
598.046616 56.385000 73217.682703
599.084241 89.597000 73293.419995
600.121669 402.945000 73548.908402
601.159179 56.385000 73787.188172
602.196644 401.501000 74024.708489
603.234210 56.385000 74262.252004
604.271700 56.385000 74320.750871
605.309193 56.385000 74379.249914
606.346580 92.485000 74456.467807
607.384245 361.069000 74691.786392
608.421712 356.737000 75064.136412
609.459292 56.385000 75278.459977
627.461788 54.941000 76280.532912
628.499295 54.941000 76337.534587
629.536747 56.385000 76395.282277
630.574413 56.385000 76453.791065
631.613078 54.941000 76511.606278
632.650556 680.193000 76892.948944
633.688013 703.297000 77610.604629
634.725628 714.849000 78346.349453
635.763094 726.401000 79093.973424
636.800548 651.313000 79808.630798
637.838014 667.197000 80492.585479
638.875613 98.261000 80889.704740
639.913040 54.941000 80969.172681
640.950577 56.385000 81026.925109
641.988025 54.941000 81084.672573
643.025443 330.745000 81284.731351
644.063088 675.861000 81806.981243
645.100563 609.437000 82473.713432
646.137962 599.329000 83100.699784
647.175594 586.333000 83715.840193
648.213093 554.565000 84307.680432
649.250522 569.005000 84890.492536
650.289294 453.485000 85421.559581
651.326879 472.257000 85901.827597
652.364295 498.249000 86405.236814
653.401833 433.269000 86888.479389
654.439304 381.285000 87311.017488
655.476885 95.373000 87558.303122
656.514383 56.385000 87637.027433
657.551859 95.373000 87715.750079
658.589277 449.153000 87998.200586
659.626923 378.397000 88427.552582
660.664374 56.385000 88653.085099
661.701792 56.385000 88711.579920
662.739463 56.385000 88770.088991
663.776935 512.689000 89065.288164
664.806830 56.385000 89358.331417
665.844354 324.969000 89556.163377
666.881910 457.817000 89962.255507
667.919419 452.041000 90434.248422
668.956858 446.265000 90900.217310
669.994443 440.489000 91360.258644
671.033493 446.265000 91820.949455
672.071909 402.945000 92261.866143
673.109367 352.405000 92653.688072
674.146868 333.633000 93009.570661
675.184471 324.969000 93351.254334
676.221896 324.969000 93688.385312
677.259412 316.305000 94021.051291
678.296897 285.981000 94333.482673
679.334429 322.081000 94648.924592
680.371935 271.541000 94956.867745
681.409424 298.977000 95252.820802
682.446846 212.337000 95518.045045
683.484455 244.105000 95754.849177
684.521958 212.337000 95991.629150
685.560330 249.881000 96231.606273
686.606895 212.337000 96473.476877
687.644503 197.897000 96686.307898
688.681946 170.461000 96877.383098
689.718194 164.685000 97051.030319
690.757067 157.465000 97218.366781
691.794418 184.901000 97395.943619
692.831961 164.685000 97577.298882
693.869419 161.797000 97746.654554
694.906827 177.681000 97922.743170
695.944498 179.125000 98107.866763
696.981970 174.793000 98291.456772
698.019398 151.689000 98460.807579
699.059419 156.021000 98620.820002
700.097012 169.017000 98789.448560
701.136975 140.137000 98950.202922
702.174435 138.693000 99094.840420
703.212055 150.245000 99244.744354
704.249501 177.681000 99414.847116
705.288208 154.577000 99587.406474
706.325705 157.465000 99749.277763
707.363186 157.465000 99912.644720
708.400616 151.689000 100073.007544
724.537114 132.917000 102369.279615
725.574534 125.697000 102503.425288
726.611982 115.589000 102628.586118
727.649603 114.145000 102747.774532
729.724500 118.477000 102989.107883
730.762054 158.909000 103133.009364
731.799582 141.581000 103288.892764
732.837040 138.693000 103434.279007
733.874551 137.249000 103577.425420
734.912045 174.793000 103739.296300
735.949581 153.133000 103909.413800
736.987075 150.245000 104066.790218
738.024529 119.921000 104206.932634
739.074620 119.921000 104332.860601
740.112149 381.285000 104592.868479
741.150863 121.365000 104853.923257
742.188285 122.809000 104980.578990
743.225789 128.585000 105110.990125
744.263433 119.921000 105239.920523
745.300835 125.697000 105367.322815
746.337098 138.693000 105504.311601
747.374582 138.693000 105648.203360
748.412117 140.137000 105792.851328
749.449636 134.361000 105935.249771
750.487055 135.805000 106075.387420
751.524535 132.917000 106214.784286
752.562130 132.917000 106352.698305
753.599608 137.249000 106492.843942
754.637071 137.249000 106635.234694
755.695839 124.253000 106773.669673
756.733425 114.145000 106897.348884
757.770899 118.477000 107018.018512
758.808341 134.361000 107149.170889
759.845985 135.805000 107289.338973
760.883428 140.137000 107432.476011
761.920891 131.473000 107573.368667
762.958355 114.145000 107700.778600
763.997211 128.585000 107826.859362
765.034682 124.253000 107958.015386
766.072268 124.253000 108086.938585
767.109595 130.029000 108218.825354
768.147207 119.921000 108348.500938
769.184660 114.145000 108469.917168
770.223420 111.257000 108586.986452
771.260877 54.941000 108673.198091
772.298424 54.941000 108730.201967
773.335958 54.941000 108787.205122
774.373418 54.941000 108844.204204
775.410857 54.941000 108901.202146
776.448569 53.497000 108957.465845
777.487220 54.941000 109013.780463
778.524646 54.941000 109070.777685
779.563499 124.253000 109163.855812
780.600986 127.141000 109294.264819
781.638455 56.385000 109389.466079
782.677202 54.941000 109447.285857
783.714669 106.925000 109531.251174
784.752187 101.149000 109639.191437
785.789702 454.929000 109927.661049
786.827129 54.941000 110192.137488
788.904737 54.941000 110306.283355
789.942154 56.385000 110364.029094
790.979687 54.941000 110421.781296
792.017146 96.817000 110500.502639
793.054699 96.817000 110600.955415
794.095988 98.261000 110702.521689
795.133506 53.497000 110781.247519
796.171023 54.941000 110837.500657
797.208537 570.449000 111161.926088
798.246002 115.589000 111517.796328
799.283396 98.261000 111628.719686
800.321058 618.101000 112000.390424
801.358549 478.033000 112569.005050
802.395929 101.149000 112869.420955
803.433497 232.553000 113042.540229
804.471123 143.025000 113237.394983
805.508483 498.249000 113570.010967
823.743500 212.337000 120048.784883
824.781123 208.005000 120266.863132
825.818662 223.889000 120490.916567
826.856012 231.109000 120726.912641
827.894786 209.449000 120955.732742
828.932370 210.893000 121173.802823
829.969810 193.565000 121383.603289
831.008576 72.269000 121521.672937
832.046042 69.381000 121595.151470
833.083599 75.157000 121670.134669
834.121123 171.905000 121798.301044
835.158573 212.337000 121997.616990
836.196020 205.117000 122214.160185
837.233644 154.577000 122400.773770
838.271112 70.825000 122517.697446
839.308554 70.825000 122591.174274
840.346045 69.381000 122663.905511
841.383711 69.381000 122735.899805
842.421099 69.381000 122807.874828
843.458617 69.381000 122879.858866
844.496093 67.937000 122951.090919
845.533632 67.937000 123021.578206
846.572391 69.381000 123092.898360
847.609863 67.937000 123164.130151
848.648099 182.013000 123293.883712
849.688536 199.341000 123492.271115
850.724866 67.937000 123630.765218
851.762386 69.381000 123702.000299
852.799835 199.341000 123841.393000
853.837360 332.189000 124117.130815
854.874885 288.869000 124439.312397
855.912360 226.777000 124706.797342
856.949920 69.381000 124860.438187
857.987453 69.381000 124932.423268
859.024924 69.381000 125004.404030
860.062341 70.825000 125077.130086
861.099959 69.381000 125149.870216
862.137438 69.381000 125221.851541
863.174881 67.937000 125293.081351
907.341314 53.497000 127974.734655
908.378743 52.053000 128029.484975
909.416259 52.053000 128083.490789
910.455108 52.053000 128137.566002
911.492542 52.053000 128191.567547
912.529999 82.377000 128261.300235
913.567653 130.029000 128371.502194
914.605044 138.693000 128510.887079
915.642606 130.029000 128650.294965
916.680033 104.037000 128771.708153
917.717729 53.497000 128853.444345
918.755127 52.053000 128908.193029
919.792579 54.941000 128963.693598
920.835006 52.053000 129019.460319
921.872623 781.273000 129451.796917
922.910128 88.153000 129902.813790
923.947534 85.265000 129992.766224
924.984957 667.197000 130383.076967
926.022649 73.713000 130767.495095
927.061333 56.385000 130835.060459
928.098985 52.053000 130891.320913
929.136331 50.609000 130944.568915
930.173949 50.609000 130997.081732
931.211344 109.813000 131080.292223
932.248876 112.701000 131195.724904
933.286365 78.045000 131294.673336
934.323905 93.929000 131383.888305
935.361401 56.385000 131461.863381
936.398852 52.053000 131518.112938
937.456240 50.609000 131572.389725
938.493907 52.053000 131625.654212
939.531367 50.609000 131678.908064
940.569249 50.609000 131731.434238
941.607615 92.485000 131805.726216
942.645150 50.609000 131879.958729
943.682624 144.469000 131981.152898
944.720149 95.373000 132105.573926
945.757622 114.145000 132214.258581
946.795145 52.053000 132300.475688
947.832659 50.609000 132353.732329
948.872654 52.053000 132407.116311
949.908807 52.053000 132461.051174
950.946440 52.053000 132515.063094
951.985189 50.609000 132568.383118
953.022623 70.825000 132631.372990
954.060225 76.601000 132707.857760
955.097721 85.265000 132791.825412
956.135138 78.045000 132876.535691
957.173890 813.041000 133339.344409
958.211556 125.697000 133826.392700
959.248930 50.609000 133917.840332
960.290194 52.053000 133971.289445
961.328935 52.053000 134025.359037
962.366494 50.609000 134078.617979
963.403997 50.609000 134131.124969
964.441441 53.497000 134185.127035
965.478847 102.593000 134266.091384
966.516537 92.485000 134367.306644
967.553939 128.585000 134481.975865
968.592661 96.817000 134599.040877
969.631453 807.265000 135068.617404
970.669084 134.361000 135557.147585
971.706440 52.053000 135653.836438
972.743984 52.053000 135707.843717
973.781431 50.609000 135761.096908
974.818978 53.497000 135815.104335
975.864005 52.053000 135870.255636
976.901469 52.053000 135924.258757
977.938869 50.609000 135977.509537
978.976534 50.609000 136030.024719
980.013993 95.373000 136105.749899
981.051429 287.425000 136304.314068
982.088938 79.489000 136494.652394
983.126528 127.141000 136601.851007
984.163948 67.937000 136703.039897
985.201401 52.053000 136765.281900
986.237713 52.053000 136819.225041
987.275263 50.609000 136872.483519
988.312787 50.609000 136924.991570
1004.280214 95.373000 138090.470036
1005.321413 50.609000 138166.468190
1006.358832 50.609000 138218.970932
1007.396516 52.053000 138272.236287
1008.433971 52.053000 138326.238937
1009.471398 53.497000 138380.989144
1010.520164 50.609000 138435.580568
1011.557710 52.053000 138488.838837
1012.595179 50.609000 138542.093154
1013.632707 52.053000 138595.350506
1014.670155 50.609000 138648.603745
1015.707697 52.053000 138701.861819
1016.745227 52.053000 138755.868365
1017.781436 70.825000 138819.532017
1018.820165 259.989000 138991.345056
1019.857770 75.157000 139165.219647
1020.895144 420.273000 139422.192752
1021.942698 134.361000 139712.697289
1022.980310 52.053000 139809.409987
1024.017721 127.141000 139902.358898
1025.055229 125.697000 140033.519624
1026.092693 70.825000 140135.461864
1027.130238 309.085000 140332.548718
1028.167783 156.021000 140573.832968
1029.205261 73.713000 140693.004950
1030.242677 697.521000 141093.050189
1031.280331 86.709000 141499.929857
1032.317795 769.721000 141944.187462
1033.355221 649.869000 142680.547246
1034.392733 714.849000 143388.502941
1035.430336 86.709000 143804.352489
1036.467638 150.245000 143927.248920
1037.505281 132.917000 144074.159448
1038.542735 104.037000 144197.073872
1039.580279 545.901000 144534.243512
1040.617804 108.369000 144873.654233
1041.655289 140.137000 145002.564872
1042.692720 434.713000 145300.748478
1043.740236 135.805000 145599.561807
1044.777683 453.485000 145905.240441
1045.815226 117.033000 146201.208869
1046.852747 50.609000 146288.174927
1047.890201 50.609000 146340.679431
1048.927745 52.053000 146393.937602
1049.965287 52.053000 146447.944782
1051.002723 50.609000 146501.197409
1052.041404 50.609000 146553.764018
1053.079060 69.381000 146616.018179
1054.116506 50.609000 146678.259753
1055.154021 50.609000 146730.767358
1056.191603 50.609000 146783.278342
1057.229043 69.381000 146845.519558
1058.265311 69.381000 146917.416868
1059.302782 50.609000 146979.659930
1060.342834 67.937000 147041.306942
1061.381602 70.825000 147113.377692
1062.419081 69.381000 147186.108094
1063.456498 69.381000 147258.085118
1064.494145 67.937000 147329.328924
1065.531622 53.497000 147392.321416
1066.569037 69.381000 147456.059158
1067.606553 70.825000 147528.792134
1068.644157 67.937000 147600.782143
1069.681584 70.825000 147672.759862
1070.719095 69.381000 147745.492504
1071.756671 70.825000 147818.229691
1072.794090 69.381000 147890.955864
1073.831612 70.825000 147963.689274
1074.869206 67.937000 148035.678589
1075.906509 69.381000 148106.898774
1076.944159 67.937000 148178.142776
1077.981610 69.381000 148249.373127
1079.019031 50.609000 148311.613199
1080.056681 50.609000 148364.127633
1081.094155 79.489000 148431.614274
1082.131589 52.053000 148499.847352
1083.169108 50.609000 148553.104239
1084.206705 69.381000 148615.354867
1085.244129 50.609000 148677.595125
1100.911728 66.493000 149594.948712
1101.949201 69.381000 149665.431513
1102.986620 69.381000 149737.408686
1104.024139 70.825000 149810.141879
1105.061698 67.937000 149882.128762
1106.099169 70.825000 149954.109542
1107.136635 50.609000 150017.101353
1108.174280 52.053000 150070.364714
1109.211698 69.381000 150133.353616
1110.250473 70.825000 150206.174874
1111.287944 69.381000 150278.904691
1112.325367 70.825000 150351.631165
1113.362996 69.381000 150424.372063
1114.400475 53.497000 150488.113745
1115.437911 50.609000 150542.115389
1116.475381 67.937000 150603.609355
1117.512991 67.937000 150674.101469
1118.550479 67.937000 150744.585290
1119.587958 67.937000 150815.068496
1120.625470 67.937000 150885.553953
1121.662963 67.937000 150956.038114
1122.700495 50.609000 151017.535754
1123.737968 49.165000 151069.292168
1124.775359 52.053000 151121.793486
1125.813003 50.609000 151175.056786
1126.850464 50.609000 151227.561651
1127.888057 52.053000 151280.822344
1128.926813 52.053000 151334.892705
1129.964241 49.165000 151387.395893
1131.001760 52.053000 151439.903703
1132.054229 67.937000 151503.046582
1133.091653 67.937000 151573.526046
1134.129261 66.493000 151643.268878
1135.166778 67.937000 151713.005572
1136.204166 69.381000 151784.231600
1137.241706 69.381000 151856.217160
1138.279314 67.937000 151927.458281
1139.316710 67.937000 151997.935867
1140.354378 50.609000 152059.441561
1141.391845 50.609000 152111.946729
1142.429279 52.053000 152165.199246
1143.466766 50.609000 152218.454493
1144.504264 50.609000 152270.961229
1145.542980 50.609000 152323.529611
1146.581821 50.609000 152376.104316
1147.619323 49.165000 152427.862181
1148.656735 85.265000 152497.591823
1149.694377 96.817000 152592.059789
1150.731837 96.817000 152692.503539
1151.769243 138.693000 152814.663307
1152.806784 98.261000 152937.588042
1153.844349 766.833000 153386.383667
1154.881788 314.861000 153947.479496
1155.919275 779.829000 154515.342704
1156.956895 697.521000 155281.806707
1157.994294 104.037000 155697.574463
1159.031848 805.821000 156169.587878
1160.069290 124.253000 156652.036779
1161.106828 252.769000 156847.624115
1162.144381 717.737000 157351.099740
1163.181817 602.217000 158035.783644
1164.219313 776.941000 158751.219160
1165.256804 774.053000 159555.790383
1167.330621 748.061000 161134.083339
1169.405629 363.957000 162287.806415
1170.454412 169.017000 162567.293467
1171.491865 655.645000 162995.067474
1172.529305 804.377000 163752.410131
1173.565702 440.489000 164397.497812
1174.603171 752.393000 165016.286806
1175.640592 134.361000 165476.255412
1176.678115 67.937000 165581.199829
1177.715713 109.813000 165673.416363
1178.753137 86.709000 165775.354668
1179.790630 797.157000 166233.857058
1180.828232 99.705000 166699.149937
1196.535662 209.449000 169127.157363
1197.573152 521.353000 169506.257207
1198.614491 405.833000 169989.014751
1199.651917 668.641000 170546.358381
1203.800686 622.433000 173224.542211
1204.838175 787.049000 173955.703202
1205.875598 646.981000 174699.551151
1206.913226 122.809000 175098.928955
1210.025776 50.609000 175368.815055
1211.063276 75.157000 175434.056161
1212.100679 108.369000 175529.251382
1213.138323 65.049000 175619.224448
1214.175801 50.609000 175679.220762
1215.213227 98.261000 175756.441566
1216.250735 106.925000 175862.882625
1217.288213 111.257000 175976.062160
1218.325793 622.433000 176356.693113
1219.363287 114.145000 176738.790808
1220.400681 232.553000 176918.622028
1221.438223 124.253000 177103.722610
1222.475827 515.577000 177435.667724
1223.513240 173.349000 177793.018077
1224.550697 508.357000 178146.638404
1225.588235 52.053000 178437.361754
1226.625784 67.937000 178499.609507
1227.663302 782.717000 178940.893936
1228.700789 683.081000 179701.267143
1231.813271 746.617000 181926.221668
1233.888221 548.789000 183270.173150
1234.925832 144.469000 183629.839133
1235.963324 115.589000 183764.743185
1237.014523 52.053000 183852.855733
1238.052013 76.601000 183919.594361
1239.089505 50.609000 183985.584042
1240.125778 50.609000 184038.028782
1241.163294 52.053000 184091.285510
1242.200832 52.053000 184145.292478
1243.238343 50.609000 184198.548961
1244.275839 76.601000 184264.538884
1245.313242 76.601000 184344.005000
1246.350755 109.813000 184440.708475
1247.388350 124.253000 184562.141335
1248.425857 138.693000 184698.545469
1249.463319 648.425000 185106.847975
1250.500904 776.941000 185846.317180
1251.538357 93.929000 186298.060603
1253.613319 52.053000 186449.514147
1254.650864 53.497000 186504.270582
1255.689629 50.609000 186558.341414
1256.727119 70.825000 186621.334703
1257.764482 67.937000 186693.307989
1258.802156 69.381000 186764.553644
1259.839633 70.825000 186837.283896
1260.877019 69.381000 186910.007762
1261.914538 70.825000 186982.740955
1262.952097 67.937000 187054.727838
1263.989613 70.825000 187126.711727
1265.027140 49.165000 187188.958165
1266.064511 52.053000 187241.458470
1267.102188 83.821000 187311.955136
1268.139636 128.585000 187422.135218
1269.177075 654.201000 187828.181623
1270.214712 102.593000 188220.820349
1271.252192 124.253000 188338.494456
1272.289619 75.157000 188441.931110
1273.330885 115.589000 188541.239769
1274.368352 131.473000 188669.399105
1275.414669 50.609000 188764.656839
1276.452181 50.609000 188817.164287
1277.489647 50.609000 188869.669406
1296.542740 69.381000 190012.759718
1297.579731 117.033000 190109.414549
1298.617197 293.201000 190322.216424
1299.654563 280.205000 190619.632412
1300.692253 366.845000 190955.351044
1301.729708 753.837000 191536.679662
1302.767122 675.861000 192278.273905
1304.842241 583.445000 193584.878821
1306.917162 662.865000 194877.876298
1307.954651 622.433000 195544.617526
1308.990922 698.965000 196229.280803
1310.028454 658.533000 196933.504510
1311.068416 675.861000 197627.364072
1312.106036 703.297000 198342.885081
1313.145992 534.349000 198986.433683
1314.183433 548.789000 199548.279576
1315.221061 688.857000 200190.387755
1317.295975 707.629000 201639.181916
1318.333460 615.213000 202325.396206
1319.371044 557.453000 202933.765984
1322.503497 616.657000 204772.688160
1323.541079 597.885000 205402.781570
1324.579825 603.661000 206026.832192
1325.617295 771.165000 206740.002463
1326.654720 668.641000 207486.847863
1327.692241 688.857000 208191.064288
1329.767214 733.621000 209666.865916
1330.804749 400.057000 210254.981326
1331.842355 530.017000 210737.506508
1332.879765 528.573000 211286.602318
1333.917292 522.797000 211832.014744
1334.954770 600.773000 212414.854305
1335.992167 534.349000 213003.640467
1337.029824 467.925000 213523.648794
1338.067289 508.357000 214030.077927
1339.104731 450.597000 214527.507490
1340.141110 577.669000 215060.344185
1341.178601 558.897000 215649.932595
1342.216067 573.337000 216237.259762
1343.253665 594.997000 216843.390351
1344.291091 632.541000 217480.130266
1345.328588 639.761000 218140.135048
1346.366079 569.005000 218767.176877
1347.403632 655.645000 219402.496562
1348.441132 495.361000 219999.580870
1349.478622 615.213000 220575.685651
1350.516022 532.905000 221171.214462
1351.553554 594.997000 221756.331588
1354.666083 579.113000 223583.557323
1355.703677 597.885000 224194.180402
1356.741132 730.733000 224883.371150
1357.778620 652.757000 225601.048275
1358.816183 501.137000 226199.667047
1359.863639 156.021000 226543.839100
1360.901141 70.825000 226661.515695
1361.938627 72.269000 226735.744712
1362.976050 69.381000 226809.220188
1364.013706 70.825000 226881.962992
1365.051169 69.381000 226954.692257
1366.088596 190.677000 227089.587846
1367.126115 378.397000 227384.800383
1368.163712 352.405000 227763.939430
1369.201101 342.297000 228124.277468
1370.238650 372.621000 228495.158702
1371.276082 106.925000 228743.906875
1372.313729 69.381000 228835.378571
1373.351195 69.381000 228907.359003
1374.388623 164.685000 229028.772331
1375.426144 196.453000 229216.116440
1376.463741 290.313000 229468.649896
1377.501136 374.065000 229813.261104
1392.853617 782.717000 238692.998015
1393.891215 145.913000 239174.770282
1394.928713 703.297000 239615.297119
1397.002524 117.033000 240465.901830
1398.039979 52.053000 240553.611395
1399.077431 53.497000 240608.362923
1400.115063 52.053000 240663.123951
1401.152538 53.497000 240717.876688
1402.189950 65.049000 240779.367219
1403.227475 105.481000 240867.831783
1404.265073 88.153000 240968.288898
1405.302463 161.797000 241097.936713
1407.377425 241.217000 241516.056109
1408.416333 95.373000 241690.899131
1409.453825 125.697000 241805.578314
1410.491233 469.369000 242114.241391
1414.661290 148.801000 243403.143477
1415.698764 212.337000 243590.479104
1416.736321 52.053000 243727.638969
1417.773802 270.097000 243894.751193
1418.811266 154.577000 244115.043217
1419.848704 391.393000 244398.248206
1420.886343 199.341000 244704.732567
1422.964985 685.969000 245624.853793
1424.002505 127.141000 246046.662709
1425.041357 730.733000 246492.264759
1426.080029 665.753000 247217.510358
1427.117533 794.269000 247974.899660
1428.155135 619.545000 248708.387740
1431.267557 758.169000 250852.401414
1432.305099 226.777000 251363.362887
1433.342864 134.361000 251550.751037
1434.380092 160.353000 251703.593859
1436.455176 202.229000 252079.787908
1437.492615 489.585000 252438.645357
1440.605140 649.869000 254211.934880
1441.642641 190.677000 254647.968478
1443.718814 763.945000 255638.948721
1478.385239 792.825000 282622.773937
1479.422711 774.053000 283435.569970
1480.461519 724.957000 284214.161841
1481.499032 683.081000 284944.590718
1482.536449 626.765000 285624.018929
1483.573924 717.737000 286321.462449
1486.686462 781.273000 288654.325317
1487.723987 457.817000 289297.118705
1488.761553 594.997000 289843.300682
1489.798985 782.717000 290557.943111
1490.836484 307.641000 291123.565751
1491.873985 366.845000 291473.455653
1492.911410 476.589000 291910.955429
1493.949036 605.105000 292472.152354
1494.986516 327.857000 292956.117116
1496.023938 711.961000 293495.482120
1497.061457 609.437000 294180.969871
1498.104025 268.653000 294638.704125
1499.141480 632.541000 295106.178273
1501.216571 522.797000 296304.893949
1502.254018 496.805000 296833.785455
1503.291538 778.385000 297495.303128
1504.329137 613.769000 298217.551821
1505.366560 616.657000 298855.788020
1506.404076 794.269000 299587.717084
1508.477731 733.621000 301171.875551
1509.515359 405.833000 301763.040202
1510.552760 688.857000 302330.856431
1511.590317 680.193000 303041.090222
1512.627874 782.717000 303800.016395
1513.665332 761.057000 304600.816694
1515.740333 633.985000 306048.173467
1516.777736 501.137000 306636.963012
1517.815337 540.125000 307177.170255
1518.852830 645.537000 307792.228262
1519.890258 782.717000 308533.083538
1520.932767 544.457000 309224.879010
1521.970382 603.661000 309820.531274
1523.007799 687.413000 310490.222290
1524.044079 541.569000 311127.006972
1525.081542 579.113000 311708.340133
1526.118967 603.661000 312321.859674
1527.156609 54.941000 312663.556223
1528.194085 54.941000 312720.556196
1529.233983 56.385000 312778.440034
1530.271621 54.941000 312836.198088
1531.309177 54.941000 312893.202449
1532.346547 54.941000 312950.196592
1533.384192 54.941000 313007.205851
1534.421653 54.941000 313064.204985
1535.459087 382.729000 313291.231877
1536.504250 132.917000 313560.698915
1537.541632 306.197000 313788.463423
1538.579105 288.869000 314097.145866
1539.616635 359.625000 314433.561838
1540.654075 248.437000 314748.975778
1541.695450 337.965000 315054.307946
1542.734227 54.941000 315258.378826
1543.771557 56.385000 315316.119721
1544.809108 54.941000 315373.872932
1545.846700 73.713000 315440.618108
1546.884123 53.497000 315506.603391
1547.921640 56.385000 315563.605617
1548.959121 108.369000 315649.070195
1549.995419 132.917000 315774.092299
1551.032921 323.525000 316010.872000
1552.070426 285.981000 316327.054807
1553.109085 272.985000 316617.342300
1554.146725 54.941000 316787.476883
1555.184196 54.941000 316844.476580
1556.221623 53.497000 316900.724832
1557.259125 54.941000 316956.977156
1558.296808 53.497000 317013.239291
1559.334166 70.825000 317077.722489
1576.211735 54.941000 318139.034673
1577.249162 213.781000 318278.424396
1578.286802 54.941000 318417.842724
1579.324247 54.941000 318474.840994
1580.361696 56.385000 318532.588524
1581.399252 54.941000 318590.342000
1582.436809 54.941000 318647.346413
1583.474240 56.385000 318705.092935
1584.511741 56.385000 318763.592434
1585.549215 54.941000 318821.341345
1586.586741 72.269000 318887.333194
1587.624281 70.825000 318961.566066
1588.661695 56.385000 319027.550788
1589.699241 53.497000 319084.554598
1590.736868 56.385000 319141.562862
1591.774237 70.825000 319207.544719
1592.824251 70.825000 319281.911961
1593.861730 53.497000 319346.402689
1594.899254 53.497000 319401.907109
1595.936797 54.941000 319458.161656
1596.974274 54.941000 319515.161681
1598.011784 95.373000 319593.137814
1599.054337 690.301000 320002.691280
1600.091793 724.957000 320736.825089
1601.129365 92.485000 321160.902613
1602.166872 54.941000 321237.380371
1603.204346 53.497000 321293.631169
1604.241772 53.497000 321349.130348
1605.281763 54.941000 321405.517615
1606.319438 93.929000 321482.756964
1607.356788 96.817000 321581.692140
1608.393121 93.929000 321680.530335
1609.430679 161.797000 321813.195593
1610.468099 426.049000 322118.117202
1611.505618 96.817000 322389.358901
1612.543074 53.497000 322467.330984
1613.580523 92.485000 322543.055433
1614.618172 752.393000 322981.398803
1615.655651 694.633000 323732.028292
1616.693027 670.085000 324439.891255
1617.730575 681.637000 325141.129367
1618.768928 639.761000 325827.168133
1619.806875 648.425000 326495.702645
1620.844463 649.869000 327169.249705
1621.893042 655.645000 327853.716973
1622.948034 657.089000 328546.178881
1624.014377 605.105000 329219.144793
1625.188087 615.213000 329935.294578
1626.225674 644.093000 330588.614300
1627.265673 603.661000 331237.445761
1628.325609 570.449000 331859.686517
1629.418098 56.385000 332202.091143
1630.455717 350.961000 332413.426092
1631.493128 473.701000 332841.182797
1632.530646 111.257000 333144.635031
1633.568121 486.697000 333454.816227
1634.605680 502.581000 333968.033389
1635.643200 92.485000 334276.729807
1636.680637 91.041000 334371.928135
1637.718094 472.257000 334664.126859
1638.755694 93.929000 334957.864167
1639.793165 54.941000 335035.088325
1640.830654 599.329000 335374.487268
1641.868250 543.013000 335967.132006
1642.905681 54.941000 336277.300015
1643.943195 54.941000 336334.302070
1644.980665 53.497000 336390.552661
1646.018095 610.881000 336735.175511
1647.055731 410.165000 337264.912455
1648.093249 628.209000 337803.578325
1649.144376 554.565000 338425.201143
1650.182019 551.677000 338999.143384
1651.219496 561.785000 339576.739001
1652.256927 499.693000 340127.344093
1653.294442 515.577000 340654.022982
1654.332034 404.389000 341131.297633
1655.369461 462.149000 341580.782569
1656.406985 502.581000 342081.247826
1657.444442 454.929000 342577.935547
1673.528252 415.941000 349581.389394
1674.566971 456.373000 350034.433931
1675.603322 457.817000 350508.144775
1676.640744 385.617000 350945.643345
1677.678305 388.505000 351347.242720
1678.715718 265.765000 351686.616783
1679.753261 327.857000 351994.570975
1680.790757 294.645000 352317.492671
1681.828222 118.477000 352531.792449
1682.865645 54.941000 352621.746372
1683.903313 56.385000 352679.506085
1684.940735 413.053000 352923.008726
1685.979512 99.705000 353189.329363
1687.017105 363.957000 353429.875560
1688.054530 284.537000 353766.257517
1689.092070 246.993000 354041.999325
1690.137024 102.593000 354224.649980
1691.174542 93.929000 354326.597538
1692.212071 92.485000 354423.302503
1693.249563 278.761000 354615.884888
1694.285739 350.961000 354942.136288
1695.323298 358.181000 355310.024632
1696.360849 330.745000 355667.422537
1697.399529 401.501000 356047.707203
1698.437043 301.865000 356412.583228
1699.474644 311.973000 356731.042688
1700.512069 54.941000 356921.365574
1701.549572 54.941000 356978.367026
1702.587058 54.941000 357035.367536
1703.624591 56.385000 357093.119738
1704.662125 73.713000 357160.610287
1705.699597 70.825000 357235.587351
1706.737023 54.941000 357300.823810
1707.775890 54.941000 357357.900202
1708.813359 54.941000 357414.899794
1709.850788 54.941000 357471.897173
1710.888312 96.817000 357550.623456
1711.925906 465.037000 357842.111648
1712.963320 388.505000 358284.849889
1714.000848 98.261000 358537.366518
1715.038287 54.941000 358616.835391
1716.075872 91.041000 358692.569759
1717.113374 462.149000 358979.537639
1718.150815 89.597000 359265.739604
1719.188416 161.797000 359396.162936
1720.225904 92.485000 359528.070196
1721.263398 89.597000 359622.524682
1722.300955 54.941000 359697.507881
1723.338343 446.265000 359957.480447
1724.375939 89.597000 360235.484578
1725.413367 400.057000 360489.474939
1726.450855 54.941000 360725.502472
1727.488648 54.941000 360782.519853
1728.535908 54.941000 360840.057367
1729.573424 56.385000 360897.808613
1730.610850 56.385000 360956.303878
1731.647230 95.373000 361034.943360
1732.684715 95.373000 361133.891406
1733.722127 56.385000 361212.609204
1734.759615 56.385000 361271.107964
1735.797210 132.917000 361369.317371
1736.834650 56.385000 361467.512088
1737.872157 54.941000 361525.262843
1738.910891 56.385000 361583.081892
1739.948441 54.941000 361640.835036
1740.985982 56.385000 361698.587689
1742.023431 54.941000 361756.335206
1743.060858 56.385000 361814.081515
1744.097130 54.941000 361871.763513
1745.137227 449.153000 362133.916841
1746.174651 421.717000 362585.647599
1747.212290 54.941000 362832.947041
1748.249797 54.941000 362889.948716
1749.287192 54.941000 362946.944235
1750.325976 54.941000 363004.016068
1751.363415 54.941000 363061.014010
1752.400985 54.941000 363118.019143
1753.438507 70.825000 363183.261629
1754.475967 72.269000 363257.488786
1769.962222 53.497000 364231.310955
1770.999753 460.705000 364498.061248
1772.056121 54.941000 364770.417182
1773.093518 56.385000 364828.161820
1774.131002 54.941000 364885.911288
1775.168488 56.385000 364943.660875
1776.206054 53.497000 365000.665786
1777.243591 56.385000 365057.669099
1778.282280 91.041000 365134.233991
1779.323501 742.285000 365568.072216
1780.361096 753.837000 366344.256595
1781.398581 749.505000 367124.103895
1782.436011 101.149000 367565.350905
1783.473531 89.597000 367664.302316
1784.512410 54.941000 367739.381057
1785.549835 711.961000 368137.182726
1786.587319 775.497000 368908.789612
1787.624791 683.081000 369665.406537
1788.662344 706.185000 370386.125140
1789.699857 164.685000 370837.894621
1790.737335 675.861000 371273.918600
1791.774729 285.981000 371772.823182
1792.811124 662.865000 372264.512729
1793.848570 680.193000 372961.187818
1794.886621 690.301000 373672.509240
1795.923540 713.405000 374400.273866
1796.961089 655.645000 375110.502108
1797.998594 54.941000 375479.120340
1799.054830 53.497000 375536.388402
1800.091131 54.941000 375592.575613
1801.128652 54.941000 375649.578048
1803.204793 53.497000 375762.144343
1804.242410 54.941000 375818.402898
1805.304920 54.941000 375876.778260
1806.344851 54.941000 375933.913112
1807.382356 54.941000 375990.914670
1808.419948 54.941000 376047.921008
1809.457377 54.941000 376104.918400
1810.494898 54.941000 376161.920835
1811.532456 54.941000 376218.925314
1812.569898 54.941000 376275.923413
1813.608569 54.941000 376332.989037
1814.646157 54.941000 376389.995153
1815.683581 91.041000 376465.717774
1816.721226 54.941000 376541.456528
1817.758718 769.721000 376969.246657
1818.796096 54.941000 377396.989697
1819.833628 677.305000 377776.854059
1820.871214 693.189000 378487.856734
1821.913668 620.989000 379172.841794
1822.951154 54.941000 379523.475775
1823.988610 54.941000 379580.474634
1825.026151 54.941000 379637.478183
1826.063681 54.941000 379694.481115
1827.101118 54.941000 379751.478940
1828.137389 56.385000 379809.160898
1829.174977 54.941000 379866.916152
1830.212410 56.385000 379924.662793
1831.249926 53.497000 379981.664953
1832.287386 56.385000 380038.664048
1833.324949 56.385000 380097.167029
1834.362454 56.385000 380155.666757
1835.399941 54.941000 380213.416397
1836.437364 56.385000 380271.162468
1837.474977 401.501000 380508.716736
1838.512474 54.941000 380745.495295
1839.548654 54.941000 380802.424061
1840.586304 54.941000 380859.433596
1841.623784 54.941000 380916.433777
1842.662440 54.941000 380973.498577
1843.704951 374.065000 381197.120311
1844.742603 415.941000 381606.995970
1845.779962 53.497000 381850.483837
1846.817479 54.941000 381906.736975
1847.854897 54.941000 381963.733764
1848.892479 54.941000 382020.739552
1849.931257 54.941000 382077.811058
1850.968711 54.941000 382134.809812
1867.948795 53.497000 383055.452984
1868.986347 54.941000 383111.708022
1870.023830 53.497000 383167.959311
1871.061313 56.385000 383224.959664
1872.097476 53.497000 383281.887500
1873.135145 54.941000 383338.148873
1874.172566 54.941000 383395.145819
1875.209990 53.497000 383451.393916
1876.262647 54.941000 383508.467920
1877.300131 54.941000 383565.468324
1878.337561 54.941000 383622.465768
1879.395092 54.941000 383680.567586
1880.432548 54.941000 383737.566445
1881.470099 53.497000 383793.821431
1882.507617 53.497000 383849.325533
1883.546463 53.497000 383904.900678
1884.583872 53.497000 383960.398938
1885.625142 53.497000 384016.103760
1887.700027 54.941000 384128.601957
1888.737562 53.497000 384184.856065
1889.785129 53.497000 384240.897751
1890.822539 53.497000 384296.396075
1891.860105 53.497000 384351.902740
1892.898803 53.497000 384407.469978
1893.936350 70.825000 384471.964929
1894.976372 72.269000 384546.375392
1896.021392 72.269000 384621.897933
1897.058900 70.825000 384696.128519
1898.096530 72.269000 384770.367838
1899.133878 70.825000 384844.586978
1900.171280 70.825000 384918.060968
1901.208958 70.825000 384991.554513
1902.246400 70.825000 385065.031340
1903.285161 53.497000 385129.601772
1904.322610 53.497000 385185.102175
1905.360171 53.497000 385240.608572
1906.397693 54.941000 385296.861982
1907.435162 53.497000 385353.112508
1908.472601 53.497000 385408.612388
1909.510211 53.497000 385464.121413
1910.547707 53.497000 385519.624329
1911.585137 53.497000 385575.123724
1912.622647 53.497000 385630.627392
1913.660247 54.941000 385686.885029
1914.697687 53.497000 385743.133992
1915.735183 70.825000 385807.625786
1916.772619 70.825000 385881.102191
1917.810173 70.825000 385954.586938
1918.847714 70.825000 386028.070790
